0.471126
0.471126
0.471126
0.471126
0.471126
-0.584663
-0.584663
-0.584663
-0.584663
-0.584663
0.594386
0.594386
0.594386
0.594386
0.594386
0.621582
0.621582
0.621582
0.621582
0.621582
0.161419
0.161419
0.161419
0.161419
0.161419
-0.181537
-0.181537
-0.181537
-0.181537
-0.181537
-0.448923
-0.448923
-0.448923
-0.448923
-0.448923
-1.41089
-1.41089
-1.41089
-1.41089
-1.41089
-1.97719
-1.97719
-1.97719
-1.97719
-1.97719
-1.94831
-1.94831
-1.94831
-1.94831
-1.94831
-1.20391
-1.20391
-1.20391
-1.20391
-1.20391
-0.582255
-0.582255
-0.582255
-0.582255
-0.582255
-0.00536657
-0.00536657
-0.00536657
-0.00536657
-0.00536657
0.981627
0.981627
0.981627
0.981627
0.981627
1.01957
1.01957
1.01957
1.01957
1.01957
0.754909
0.754909
0.754909
0.754909
0.754909
0.277894
0.277894
0.277894
0.277894
0.277894
0.920503
0.920503
0.920503
0.920503
0.920503
0.932073
0.932073
0.932073
0.932073
0.932073
1.60795
1.60795
1.60795
1.60795
1.60795
-1.62378
-1.62378
-1.62378
-1.62378
-1.62378
-1.59228
-1.59228
-1.59228
-1.59228
-1.59228
-0.0133036
-0.0133036
-0.0133036
-0.0133036
-0.0133036
0.271245
0.271245
0.271245
0.271245
0.271245
0.64839
0.64839
0.64839
0.64839
0.64839
-0.134015
-0.134015
-0.134015
-0.134015
-0.134015
-0.157693
-0.157693
-0.157693
-0.157693
-0.157693
-1.33705
-1.33705
-1.33705
-1.33705
-1.33705
-1.45747
-1.45747
-1.45747
-1.45747
-1.45747
-0.928448
-0.928448
-0.928448
-0.928448
-0.928448
0.14574
0.14574
0.14574
0.14574
0.14574
0.261699
0.261699
0.261699
0.261699
0.261699
1.16641
1.16641
1.16641
1.16641
1.16641
1.94158
1.94158
1.94158
1.94158
1.94158
1.72453
1.72453
1.72453
1.72453
1.72453
0.859106
0.859106
0.859106
0.859106
0.859106
0.202657
0.202657
0.202657
0.202657
0.202657
0.510388
0.510388
0.510388
0.510388
0.510388
-0.530671
-0.530671
-0.530671
-0.530671
-0.530671
0.0429618
0.0429618
0.0429618
0.0429618
0.0429618
-1.95726
-1.95726
-1.95726
-1.95726
-1.95726
-1.99134
-1.99134
-1.99134
-1.99134
-1.99134
-0.679691
-0.679691
-0.679691
-0.679691
-0.679691
-0.516899
-0.516899
-0.516899
-0.516899
-0.516899
0.178767
0.178767
0.178767
0.178767
0.178767
0.58066
0.58066
0.58066
0.58066
0.58066
0.753596
0.753596
0.753596
0.753596
0.753596
0.0547079
0.0547079
0.0547079
0.0547079
0.0547079
-0.637555
-0.637555
-0.637555
-0.637555
-0.637555
0.445782
0.445782
0.445782
0.445782
0.445782
1.19641
1.19641
1.19641
1.19641
1.19641
1.30732
1.30732
1.30732
1.30732
1.30732
1.21784
1.21784
1.21784
1.21784
1.21784
0.799773
0.799773
0.799773
0.799773
0.799773
0.0264754
0.0264754
0.0264754
0.0264754
0.0264754
-0.611114
-0.611114
-0.611114
-0.611114
-0.611114
-1.0822
-1.0822
-1.0822
-1.0822
-1.0822
-1.03344
-1.03344
-1.03344
-1.03344
-1.03344
0.695653
0.695653
0.695653
0.695653
0.695653
1.25252
1.25252
1.25252
1.25252
1.25252
2.88852
2.88852
2.88852
2.88852
2.88852
2.05239
2.05239
2.05239
2.05239
2.05239
0.808908
0.808908
0.808908
0.808908
0.808908
0.877372
0.877372
0.877372
0.877372
0.877372
0.515366
0.515366
0.515366
0.515366
0.515366
0.196151
0.196151
0.196151
0.196151
0.196151
-0.18725
-0.18725
-0.18725
-0.18725
-0.18725
-0.179548
-0.179548
-0.179548
-0.179548
-0.179548
-0.271975
-0.271975
-0.271975
-0.271975
-0.271975
-0.321612
-0.321612
-0.321612
-0.321612
-0.321612
-0.905271
-0.905271
-0.905271
-0.905271
-0.905271
-1.15003
-1.15003
-1.15003
-1.15003
-1.15003
-1.22278
-1.22278
-1.22278
-1.22278
-1.22278
-0.79744
-0.79744
-0.79744
-0.79744
-0.79744
-0.568084
-0.568084
-0.568084
-0.568084
-0.568084
-0.307063
-0.307063
-0.307063
-0.307063
-0.307063
-0.141893
-0.141893
-0.141893
-0.141893
-0.141893
-0.139325
-0.139325
-0.139325
-0.139325
-0.139325
-0.367825
-0.367825
-0.367825
-0.367825
-0.367825
-0.778612
-0.778612
-0.778612
-0.778612
-0.778612
1.54917
1.54917
1.54917
1.54917
1.54917
1.9846
1.9846
1.9846
1.9846
1.9846
1.56874
1.56874
1.56874
1.56874
1.56874
0.678329
0.678329
0.678329
0.678329
0.678329
0.551126
0.551126
0.551126
0.551126
0.551126
-0.882341
-0.882341
-0.882341
-0.882341
-0.882341
-0.243885
-0.243885
-0.243885
-0.243885
-0.243885
-0.121576
-0.121576
-0.121576
-0.121576
-0.121576
0.264923
0.264923
0.264923
0.264923
0.264923
-0.936158
-0.936158
-0.936158
-0.936158
-0.936158
0.289385
0.289385
0.289385
0.289385
0.289385
0.749269
0.749269
0.749269
0.749269
0.749269
0.355432
0.355432
0.355432
0.355432
0.355432
-0.522752
-0.522752
-0.522752
-0.522752
-0.522752
-0.0481899
-0.0481899
-0.0481899
-0.0481899
-0.0481899
-0.640169
-0.640169
-0.640169
-0.640169
-0.640169
-0.520305
-0.520305
-0.520305
-0.520305
-0.520305
-0.451811
-0.451811
-0.451811
-0.451811
-0.451811
-1.54771
-1.54771
-1.54771
-1.54771
-1.54771
-2.07608
-2.07608
-2.07608
-2.07608
-2.07608
