1.64559
1.64559
1.64559
1.64559
1.64559
1.54174
1.54174
1.54174
1.54174
1.54174
1.6042
1.6042
1.6042
1.6042
1.6042
0.693149
0.693149
0.693149
0.693149
0.693149
0.774413
0.774413
0.774413
0.774413
0.774413
0.714673
0.714673
0.714673
0.714673
0.714673
0.847446
0.847446
0.847446
0.847446
0.847446
0.263791
0.263791
0.263791
0.263791
0.263791
0.198085
0.198085
0.198085
0.198085
0.198085
0.28743
0.28743
0.28743
0.28743
0.28743
0.118406
0.118406
0.118406
0.118406
0.118406
-0.177028
-0.177028
-0.177028
-0.177028
-0.177028
-0.611487
-0.611487
-0.611487
-0.611487
-0.611487
-0.60595
-0.60595
-0.60595
-0.60595
-0.60595
-1.17284
-1.17284
-1.17284
-1.17284
-1.17284
-1.13537
-1.13537
-1.13537
-1.13537
-1.13537
-0.94264
-0.94264
-0.94264
-0.94264
-0.94264
-1.17102
-1.17102
-1.17102
-1.17102
-1.17102
-1.3903
-1.3903
-1.3903
-1.3903
-1.3903
-1.4823
-1.4823
-1.4823
-1.4823
-1.4823
-0.520416
-0.520416
-0.520416
-0.520416
-0.520416
-1.73076
-1.73076
-1.73076
-1.73076
-1.73076
-1.80599
-1.80599
-1.80599
-1.80599
-1.80599
-1.55661
-1.55661
-1.55661
-1.55661
-1.55661
-0.421783
-0.421783
-0.421783
-0.421783
-0.421783
-0.469328
-0.469328
-0.469328
-0.469328
-0.469328
0.313765
0.313765
0.313765
0.313765
0.313765
1.21315
1.21315
1.21315
1.21315
1.21315
0.951544
0.951544
0.951544
0.951544
0.951544
0.49135
0.49135
0.49135
0.49135
0.49135
-0.298809
-0.298809
-0.298809
-0.298809
-0.298809
0.0428035
0.0428035
0.0428035
0.0428035
0.0428035
-1.09947
-1.09947
-1.09947
-1.09947
-1.09947
-0.468756
-0.468756
-0.468756
-0.468756
-0.468756
-0.219455
-0.219455
-0.219455
-0.219455
-0.219455
0.891335
0.891335
0.891335
0.891335
0.891335
1.07784
1.07784
1.07784
1.07784
1.07784
1.39584
1.39584
1.39584
1.39584
1.39584
1.0326
1.0326
1.0326
1.0326
1.0326
1.18115
1.18115
1.18115
1.18115
1.18115
0.036716
0.036716
0.036716
0.036716
0.036716
-0.410143
-0.410143
-0.410143
-0.410143
-0.410143
-1.47499
-1.47499
-1.47499
-1.47499
-1.47499
-0.408739
-0.408739
-0.408739
-0.408739
-0.408739
0.421199
0.421199
0.421199
0.421199
0.421199
0.906501
0.906501
0.906501
0.906501
0.906501
0.6744
0.6744
0.6744
0.6744
0.6744
0.485379
0.485379
0.485379
0.485379
0.485379
-0.507037
-0.507037
-0.507037
-0.507037
-0.507037
-1.39514
-1.39514
-1.39514
-1.39514
-1.39514
-1.83169
-1.83169
-1.83169
-1.83169
-1.83169
-2.1465
-2.1465
-2.1465
-2.1465
-2.1465
-0.256113
-0.256113
-0.256113
-0.256113
-0.256113
0.523442
0.523442
0.523442
0.523442
0.523442
0.740589
0.740589
0.740589
0.740589
0.740589
1.04066
1.04066
1.04066
1.04066
1.04066
1.23674
1.23674
1.23674
1.23674
1.23674
0.410665
0.410665
0.410665
0.410665
0.410665
0.813028
0.813028
0.813028
0.813028
0.813028
1.14102
1.14102
1.14102
1.14102
1.14102
1.27459
1.27459
1.27459
1.27459
1.27459
1.05896
1.05896
1.05896
1.05896
1.05896
0.926998
0.926998
0.926998
0.926998
0.926998
1.15713
1.15713
1.15713
1.15713
1.15713
-0.124542
-0.124542
-0.124542
-0.124542
-0.124542
-0.447271
-0.447271
-0.447271
-0.447271
-0.447271
-0.802193
-0.802193
-0.802193
-0.802193
-0.802193
-0.626565
-0.626565
-0.626565
-0.626565
-0.626565
0.332539
0.332539
0.332539
0.332539
0.332539
0.566657
0.566657
0.566657
0.566657
0.566657
1.31061
1.31061
1.31061
1.31061
1.31061
0.980228
0.980228
0.980228
0.980228
0.980228
0.789938
0.789938
0.789938
0.789938
0.789938
0.650487
0.650487
0.650487
0.650487
0.650487
-0.400893
-0.400893
-0.400893
-0.400893
-0.400893
-0.796934
-0.796934
-0.796934
-0.796934
-0.796934
-1.03854
-1.03854
-1.03854
-1.03854
-1.03854
-1.4247
-1.4247
-1.4247
-1.4247
-1.4247
-1.62838
-1.62838
-1.62838
-1.62838
-1.62838
-1.75811
-1.75811
-1.75811
-1.75811
-1.75811
0.191797
0.191797
0.191797
0.191797
0.191797
0.317674
0.317674
0.317674
0.317674
0.317674
1.22863
1.22863
1.22863
1.22863
1.22863
-0.444214
-0.444214
-0.444214
-0.444214
-0.444214
0.80462
0.80462
0.80462
0.80462
0.80462
1.63607
1.63607
1.63607
1.63607
1.63607
1.39094
1.39094
1.39094
1.39094
1.39094
-0.00364393
-0.00364393
-0.00364393
-0.00364393
-0.00364393
0.64893
0.64893
0.64893
0.64893
0.64893
-0.0102694
-0.0102694
-0.0102694
-0.0102694
-0.0102694
-0.129521
-0.129521
-0.129521
-0.129521
-0.129521
0.297799
0.297799
0.297799
0.297799
0.297799
-1.11004
-1.11004
-1.11004
-1.11004
-1.11004
-2.14024
-2.14024
-2.14024
-2.14024
-2.14024
-1.39492
-1.39492
-1.39492
-1.39492
-1.39492
0.0195446
0.0195446
0.0195446
0.0195446
0.0195446
0.691993
0.691993
0.691993
0.691993
0.691993
0.526364
0.526364
0.526364
0.526364
0.526364
-0.679406
-0.679406
-0.679406
-0.679406
-0.679406
-1.84211
-1.84211
-1.84211
-1.84211
-1.84211
