1.54509 0.934188
0.839019 2.03774
1.75278 2.1031
1.79455 0.822145
1.44927 0.886894
1.0354 3.3103
1.72069 3.01925
1.58488 2.20682
1.64637 6.01488
1.44264 1.35086
1.43235 3.20469
1.62387 4.85996
2.00415 2.77271
9.76669 82.5302
1.38239 2.9096
1.94711 5.09809
3.40389 20.2538
0.929513 2.91282
1.95444 2.98413
1.21329 1.67521
2.10726 3.04399
2.05023 1.88127
1.44716 3.08795
1.53978 2.57064
1.55787 3.36235
1.10656 9.65485
1.57422 2.62116
1.74 12.1097
0.94244 2.02743
2.53468 8.27974
1.72345 5.54218
1.34685 3.65786
2.65841 6.14943
0.945743 2.80571
2.59779 10.0391
1.3632 3.54062
2.05733 3.39795
4.02869 6.47854
2.10801 3.44905
2.42162 7.51959
1.78202 4.45203
1.81937 2.56788
1.81423 1.47407
2.49634 5.94282
1.67646 6.3044
1.28163 7.99895
3.3829 9.87201
1.88551 3.84113
1.42046 1.87874
3.28461 10.1238
