1.26921 0.242366
2.26221 1.03785
1.03303 0.494198
1.26634 1.03784
1.63371 0.738408
2.572 1.31041
1.90802 1.21454
2.02878 0.990491
1.59169 3.70895
2.00412 4.46517
3.08753 2.33781
1.42718 1.46111
1.60588 1.91367
1.31638 1.3725
7.1311 6.13413
1.25085 8.99965
1.87129 1.43515
1.92839 3.31641
1.96077 3.13981
1.07584 16.3825
1.52152 7.83027
3.51718 2.58393
1.28995 0.932943
2.31507 5.51293
1.7604 13.1983
1.68376 2.10704
1.70445 8.80583
1.35007 1.82708
1.93722 3.34591
3.806 21.6763
1.77177 3.04366
1.12006 1.96482
1.49693 2.67839
0.87022 1.28356
3.33875 11.8682
1.63788 5.30509
1.33126 2.74206
1.55448 15.4855
1.31659 20.888
1.00718 9.84394
1.22439 5.02464
1.45057 3.09701
2.41277 3.69646
1.96466 2.25929
2.33064 4.53356
0.814763 5.82341
1.51495 3.35263
1.38225 3.56608
0.757646 1.07381
1.62456 6.18878
