0.681891 0.280685
0.681834 0.280721
0.681803 0.280738
0.681735 0.280735
0.681668 0.280692
0.681622 0.280705
0.681554 0.28072
0.681514 0.28071
0.681754 0.280667
0.681691 0.280719
0.681624 0.280691
0.681561 0.280713
0.68151 0.280688
0.68148 0.280672
0.681423 0.280701
0.681366 0.280685
0.681303 0.280675
0.681294 0.280697
0.681235 0.280675
0.68117 0.280692
0.681117 0.280679
0.681071 0.280658
0.681003 0.280635
0.680935 0.280643
0.680909 0.280623
0.680855 0.280622
0.680814 0.280618
0.680747 0.280589
0.680774 0.280623
0.680717 0.280607
0.680657 0.280601
0.680596 0.280601
0.680529 0.280605
0.680476 0.28062
0.680412 0.280636
0.680346 0.28065
0.68036 0.280634
0.680346 0.280609
0.68029 0.280581
0.680227 0.280575
0.680177 0.280549
0.680121 0.280537
0.680076 0.280565
0.68004 0.280585
0.679973 0.280569
0.679907 0.280589
0.679841 0.280612
0.679776 0.280623
0.679728 0.280586
0.679667 0.280612
0.679603 0.280644
0.67954 0.280646
0.679517 0.280593
0.679451 0.2806
0.67939 0.280618
0.679323 0.280629
0.67928 0.280639
0.679217 0.280602
0.679151 0.280573
0.679085 0.280568
0.679046 0.280605
0.678992 0.280633
0.678935 0.280662
0.67887 0.280705
0.678805 0.28075
0.678778 0.280723
0.678711 0.280749
0.678652 0.280762
0.678592 0.280791
0.678555 0.280817
0.678499 0.280786
0.678434 0.28077
0.678368 0.28075
0.678322 0.280712
0.678256 0.280652
0.67819 0.280628
0.678123 0.280617
0.678057 0.280603
0.67799 0.280604
0.677923 0.280616
0.677857 0.280621
0.677791 0.280645
0.677725 0.280644
0.677658 0.280653
0.677592 0.280672
0.677534 0.280704
0.677502 0.280762
0.677461 0.28075
0.677399 0.280769
0.677332 0.280769
0.677266 0.280782
0.677201 0.28079
0.677166 0.280788
0.677127 0.280783
0.677188 0.280717
0.677171 0.280691
0.677112 0.280685
0.677048 0.280725
0.676982 0.280723
0.676919 0.280731
0.676857 0.280752
0.676795 0.280768
0.676733 0.280803
0.67668 0.280809
0.676617 0.280822
0.676552 0.280831
0.67649 0.280832
0.676423 0.280826
0.676358 0.280831
0.676292 0.280818
0.676227 0.28081
0.67616 0.280812
0.676109 0.280838
0.676044 0.280819
0.676006 0.280834
0.675939 0.280794
0.675878 0.280788
0.675812 0.280777
0.675784 0.280786
0.675717 0.280795
0.675651 0.280828
0.675586 0.280833
0.675534 0.28089
0.675475 0.280944
0.675413 0.280981
0.675348 0.28102
0.675298 0.281037
0.675235 0.281095
0.675564 0.281006
0.675498 0.281061
0.675434 0.281112
0.6754 0.28119
0.675345 0.281226
0.675279 0.281258
0.675216 0.281261
0.675151 0.281291
0.675086 0.281346
0.675039 0.28136
0.674974 0.281379
0.674907 0.281409
0.674849 0.28143
0.674783 0.281466
0.674717 0.281485
0.674651 0.281489
0.674608 0.281457
0.67456 0.281447
0.674495 0.281449
0.674429 0.281436
0.674368 0.281476
0.674305 0.281456
0.674239 0.281462
0.674175 0.281497
0.67411 0.281489
0.674045 0.28151
0.673991 0.281537
0.673924 0.281593
0.673858 0.281627
0.6738 0.281648
0.673738 0.281698
0.673688 0.281702
0.673622 0.281716
0.673558 0.281736
0.673513 0.281788
0.673461 0.281817
0.673402 0.281789
0.673336 0.281797
0.673273 0.281826
0.67327 0.281881
0.673227 0.28187
0.673163 0.281874
0.673097 0.281856
0.673032 0.2818
0.672975 0.281781
0.672913 0.281753
0.672879 0.281751
0.672817 0.281747
0.672751 0.281746
0.672702 0.281707
0.672638 0.281735
0.672582 0.281781
0.672541 0.281828
0.67248 0.281873
0.672415 0.281916
0.672365 0.281949
0.672463 0.28203
0.672397 0.282014
0.672407 0.282064
0.672648 0.282208
0.672583 0.282184
0.67253 0.282221
0.672507 0.282312
0.672472 0.282382
0.672411 0.28236
0.672486 0.282463
0.67242 0.282484
0.672363 0.282477
0.672297 0.282493
0.672292 0.282603
0.672253 0.282686
0.672192 0.282742
0.672129 0.282741
0.672063 0.282741
0.672069 0.282824
0.672055 0.282894
0.67199 0.282888
0.671931 0.282867
0.671873 0.28282
0.671839 0.28286
0.671829 0.282924
0.671779 0.282967
0.671761 0.282924
0.671707 0.282956
0.671642 0.282952
0.671581 0.282966
0.671612 0.28305
0.671561 0.283062
0.671507 0.28301
0.671451 0.283016
0.671417 0.282944
0.671366 0.282946
0.671301 0.28293
0.671309 0.282976
0.671246 0.282917
0.671182 0.282901
0.671131 0.282871
0.671072 0.282848
0.671117 0.282776
0.671052 0.282777
0.670986 0.282762
0.670922 0.282776
0.670858 0.282781
0.670829 0.282851
0.670765 0.282864
0.6707 0.282877
0.670642 0.282911
0.670639 0.282983
0.670677 0.283053
0.670614 0.283043
0.670668 0.282963
0.670603 0.282956
0.670539 0.28296
0.670477 0.282943
0.670442 0.282961
0.670408 0.282966
0.670426 0.282979
0.670363 0.28296
0.670303 0.282944
0.670256 0.282961
0.670194 0.282954
0.670179 0.282875
0.670118 0.282851
0.670072 0.282869
0.670015 0.282889
0.66995 0.282926
0.669974 0.283061
0.669971 0.283184
0.669927 0.283193
0.669864 0.283235
0.6698 0.283256
0.669845 0.283214
0.66978 0.283214
0.669715 0.283225
0.669898 0.28311
0.66984 0.283112
0.669879 0.283024
0.669813 0.283028
0.669758 0.283069
0.669699 0.283113
0.669635 0.283141
0.669577 0.283182
0.670515 0.282859
0.670975 0.283079
0.670933 0.283178
0.670874 0.283203
0.670827 0.283216
0.670763 0.283241
0.670733 0.28323
0.670668 0.283247
0.670605 0.283265
0.67054 0.283256
0.67048 0.283263
0.670419 0.283307
0.670417 0.283248
0.670353 0.283257
0.670289 0.283282
0.67023 0.283301
0.670398 0.28344
0.670334 0.283459
0.67029 0.283541
0.670225 0.28355
0.67016 0.283561
0.670095 0.283558
0.67006 0.283494
0.669998 0.283484
0.669979 0.283426
0.669915 0.283425
0.669851 0.283435
0.669826 0.283442
0.671171 0.283075
0.671108 0.283074
0.67106 0.283117
0.671083 0.283135
0.671018 0.283164
0.670953 0.283168
0.670889 0.283184
0.671064 0.28334
0.671002 0.283368
0.67113 0.283232
0.671065 0.283223
0.671021 0.28322
0.671057 0.283298
0.671013 0.283223
0.670965 0.283162
0.670903 0.283168
0.670844 0.283159
0.670781 0.283167
0.67072 0.283196
0.670657 0.283203
0.670613 0.28321
0.670573 0.283212
0.670538 0.28315
0.670542 0.283075
0.670477 0.28306
0.670467 0.283081
0.67041 0.283071
0.670345 0.283064
0.670288 0.283083
0.670223 0.283081
0.670158 0.283096
0.670158 0.283213
0.670206 0.283094
0.67016 0.283132
0.670099 0.283125
0.670049 0.283146
0.669987 0.283099
0.669924 0.283057
0.669863 0.28305
0.669811 0.282963
0.669753 0.282986
0.669752 0.283038
0.669687 0.283034
0.669628 0.283023
0.669568 0.283054
0.669572 0.283014
0.669571 0.283106
0.669537 0.283102
0.669479 0.283105
0.669839 0.282929
0.669784 0.282938
0.670014 0.283108
0.670092 0.283199
0.670219 0.283309
0.670155 0.28326
0.67009 0.283267
0.670027 0.283234
0.670163 0.283326
0.670118 0.283329
0.670058 0.283264
0.670028 0.283276
0.669969 0.283264
0.669907 0.283288
0.669842 0.283241
0.669779 0.283237
0.669852 0.283298
0.669982 0.283432
0.669929 0.283397
0.669923 0.283507
0.669861 0.283534
0.669843 0.283506
0.66978 0.283527
0.669719 0.283524
0.669665 0.283506
0.669604 0.283485
0.669542 0.283443
0.669478 0.283445
0.669414 0.283422
0.669355 0.283455
0.66929 0.283438
0.66923 0.283442
0.669171 0.283428
0.669109 0.283422
0.669047 0.28342
0.668984 0.283445
0.668921 0.283442
0.668857 0.283466
0.668811 0.283491
0.668754 0.283494
0.66869 0.28347
0.668627 0.283491
0.668566 0.283495
0.668601 0.283456
0.668538 0.28347
0.668558 0.283432
0.668514 0.283385
0.66845 0.283393
0.668386 0.283408
0.668322 0.283413
0.668262 0.283409
0.668199 0.283416
0.668165 0.283459
0.668102 0.283481
0.668041 0.283488
0.667977 0.283503
0.667916 0.283496
0.667853 0.283492
0.667795 0.283481
0.66781 0.283525
0.667749 0.283482
0.667688 0.283405
0.667693 0.283479
0.66767 0.283545
0.667617 0.283605
0.667553 0.283627
0.667492 0.283711
0.667453 0.283721
0.667392 0.283822
0.667378 0.283821
0.66733 0.28386
0.667326 0.283947
0.667279 0.283921
0.667307 0.283984
0.667245 0.283965
0.667185 0.283947
0.667121 0.28391
0.667071 0.283818
0.667007 0.283815
0.666944 0.283789
0.666886 0.28378
0.666857 0.283794
0.666905 0.283834
0.666876 0.283845
0.66689 0.283839
0.666826 0.283805
0.666828 0.283734
0.666775 0.283674
0.666711 0.28369
0.666648 0.283684
0.666584 0.283681
0.66652 0.283675
0.666461 0.283643
0.666411 0.283679
0.666348 0.28368
0.666299 0.283642
0.666236 0.283639
0.666213 0.283593
0.666197 0.283565
0.666134 0.28358
0.666148 0.283519
0.666127 0.283496
0.666068 0.283511
0.666004 0.283538
0.665941 0.28356
0.66588 0.283554
0.665817 0.283553
0.665774 0.283567
0.665715 0.283584
0.665754 0.283522
0.665693 0.283557
0.665641 0.283548
0.665578 0.283549
0.665514 0.283562
0.665451 0.283545
0.66539 0.283554
0.665327 0.28356
0.665284 0.283541
0.665223 0.283563
0.665191 0.283507
0.66513 0.283508
0.66509 0.283497
0.665027 0.283506
0.665012 0.283568
0.664952 0.283534
0.664897 0.283557
0.664882 0.283553
0.66482 0.283585
0.664763 0.283588
0.664717 0.283629
0.664745 0.283626
0.664686 0.283638
0.664633 0.283618
0.66459 0.283662
0.664544 0.283668
0.664486 0.283674
0.664455 0.283706
0.664396 0.283698
0.664346 0.283725
0.664288 0.283703
0.664246 0.283754
0.664191 0.283748
0.664164 0.283783
0.66417 0.283774
0.66411 0.283771
0.664065 0.283785
0.664021 0.283784
0.66396 0.283776
0.663902 0.2838
0.663841 0.283791
0.663791 0.283754
0.663733 0.283764
0.66372 0.283808
0.663662 0.283829
0.6636 0.283829
0.663569 0.283864
0.663506 0.283868
0.663448 0.283888
0.663387 0.283882
0.663328 0.28388
0.663265 0.283887
0.663207 0.283859
0.663144 0.283858
0.663124 0.283794
0.663061 0.283829
0.663003 0.283859
0.662941 0.283877
0.662882 0.283907
0.66282 0.283942
0.662758 0.28397
0.662729 0.283933
0.662673 0.283968
0.662615 0.284017
0.662553 0.284026
0.662511 0.284035
0.662462 0.284012
0.6624 0.283993
0.66235 0.283959
0.662289 0.283928
0.662242 0.283922
0.66223 0.283937
0.662173 0.283902
0.66213 0.283886
0.66216 0.283933
0.6621 0.28393
0.662043 0.283921
0.661988 0.283895
0.661934 0.283874
0.66207 0.283909
0.66202 0.283908
0.661959 0.283876
0.6619 0.283858
0.661837 0.283847
0.661774 0.283807
0.661713 0.283803
0.661665 0.283849
0.661603 0.283881
0.661558 0.283855
0.661497 0.283857
0.66144 0.283894
0.661473 0.28383
0.661461 0.283947
0.661404 0.283951
0.661355 0.284008
0.661311 0.283992
0.661248 0.284014
0.661211 0.284051
0.661159 0.284029
0.661109 0.284029
0.661048 0.284044
0.66099 0.284041
0.660931 0.28405
0.660871 0.284081
0.660811 0.28405
0.660755 0.284062
0.660761 0.284026
0.660705 0.284047
0.660643 0.284044
0.6606 0.284039
0.660541 0.284067
0.660488 0.284086
0.660463 0.284152
0.660409 0.284185
0.660365 0.284155
0.66033 0.284152
0.660268 0.284157
0.660215 0.284137
0.660204 0.284068
0.660142 0.284074
0.660091 0.28409
0.660072 0.284155
0.660086 0.284141
0.660025 0.284172
0.659962 0.284186
0.660165 0.284115
0.660178 0.284114
0.66014 0.284193
0.660079 0.284218
0.660019 0.284243
0.65996 0.284253
0.659898 0.284266
0.659843 0.284248
0.659801 0.284242
0.659748 0.284268
0.659686 0.284286
0.659632 0.284317
0.659576 0.284342
0.659568 0.284437
0.659522 0.284459
0.659466 0.284449
0.659405 0.284447
0.659344 0.284482
0.659282 0.284495
0.659304 0.284547
0.659243 0.28458
0.659182 0.284586
0.659123 0.28461
0.659061 0.284638
0.659017 0.284599
0.658955 0.284652
0.658895 0.284665
0.658903 0.284601
0.65885 0.284613
0.65879 0.284606
0.658743 0.284566
0.658701 0.284547
0.658668 0.28452
0.658628 0.284543
0.658587 0.284564
0.658527 0.284582
0.65848 0.284519
0.658576 0.284553
0.658563 0.284558
0.658502 0.28452
0.658442 0.284496
0.658426 0.284484
0.658373 0.284439
0.658406 0.284484
0.658345 0.284449
0.658283 0.284411
0.658222 0.2844
0.658163 0.284377
0.65813 0.284306
0.658072 0.284306
0.658025 0.284342
0.658001 0.284259
0.65794 0.284281
0.657941 0.284394
0.657881 0.284422
0.657819 0.284439
0.657757 0.284461
0.657695 0.284484
0.657634 0.284506
0.657572 0.284519
0.657513 0.284529
0.657454 0.284552
0.657465 0.284497
0.657403 0.284523
0.657577 0.284668
0.657522 0.284667
0.65746 0.284677
0.657405 0.284676
0.657409 0.284757
0.657433 0.284845
0.657373 0.28486
0.657312 0.284881
0.657271 0.284884
0.657212 0.284918
0.657154 0.284935
0.657121 0.284975
0.657062 0.28497
0.657 0.28497
0.656959 0.284978
0.656903 0.284989
0.656841 0.284986
0.656783 0.284984
0.656844 0.285051
0.656785 0.285034
0.656726 0.285025
0.656665 0.285002
0.656613 0.284996
0.656552 0.28498
0.656491 0.284955
0.65643 0.284951
0.656373 0.284948
0.656319 0.284893
0.656272 0.284829
0.656271 0.284911
0.656229 0.284863
0.65617 0.284872
0.656109 0.284873
0.656048 0.28486
0.655997 0.284853
0.656096 0.284751
0.656038 0.284767
0.656003 0.284772
0.655953 0.284799
0.655892 0.284818
0.655842 0.284816
0.65579 0.28481
0.65573 0.284793
0.655689 0.284849
0.655653 0.284884
0.655591 0.284893
0.655535 0.284935
0.655478 0.284951
0.655417 0.284943
0.655585 0.285059
0.655524 0.28506
0.655519 0.285018
0.655482 0.285005
0.655426 0.285122
0.65537 0.285119
0.655411 0.285205
0.655423 0.285111
0.655363 0.285109
0.655311 0.285091
0.655257 0.285109
0.655235 0.285062
0.655184 0.285076
0.655132 0.285128
0.655077 0.285183
0.655016 0.285214
0.654957 0.285255
0.654958 0.285213
0.654899 0.285194
0.654844 0.28518
0.65479 0.28521
0.654738 0.285241
0.654686 0.285281
0.654631 0.285266
0.65457 0.285203
0.654521 0.285218
0.65447 0.28514
0.65442 0.285091
0.654368 0.285132
0.654348 0.285153
0.654289 0.285144
0.654248 0.285155
0.654189 0.285144
0.654132 0.285187
0.654071 0.285223
0.65401 0.285259
0.653957 0.285268
0.653898 0.285308
0.654015 0.285204
0.653969 0.285187
0.654034 0.285111
0.653991 0.285153
0.65393 0.285175
0.65387 0.285136
0.653809 0.285109
0.653752 0.285096
0.653704 0.285074
0.653649 0.28505
0.653588 0.285026
0.65353 0.28502
0.653476 0.285008
0.653415 0.284993
0.653356 0.284984
0.653297 0.284971
0.653337 0.285052
0.653298 0.285127
0.653238 0.285142
0.653183 0.285168
0.65316 0.285197
0.653115 0.285215
0.653056 0.285219
0.653039 0.285147
0.652987 0.285145
0.652926 0.285161
0.652868 0.285181
0.652958 0.285309
0.652903 0.285338
0.652845 0.285332
0.65279 0.285315
0.65273 0.285302
0.652688 0.285296
0.652664 0.285258
0.652641 0.285257
0.65258 0.285223
0.65252 0.285194
0.65246 0.285221
0.653195 0.285426
0.653135 0.285344
0.653127 0.285373
0.653291 0.285474
0.653242 0.285484
0.653197 0.285553
0.653137 0.28557
0.653141 0.285522
0.653086 0.285545
0.653037 0.285502
0.652978 0.285509
0.652925 0.285541
0.652908 0.28552
0.652866 0.285477
0.652806 0.285475
0.652747 0.285435
0.652692 0.285438
0.652691 0.285517
0.652631 0.285539
0.652571 0.28554
0.652516 0.285535
0.65247 0.285555
0.652433 0.285576
0.652373 0.285566
0.652316 0.285536
0.652299 0.285563
0.652315 0.285634
0.652254 0.285633
0.652245 0.285676
0.652191 0.285673
0.652276 0.285646
0.652216 0.285651
0.652156 0.285664
0.652127 0.285695
0.652067 0.285701
0.652096 0.285664
0.65205 0.285679
0.651998 0.285643
0.651948 0.285585
0.65189 0.285587
0.651829 0.2856
0.651772 0.285629
0.651713 0.285672
0.651653 0.285719
0.651593 0.285733
0.651625 0.285668
0.651629 0.28571
0.651577 0.285762
0.651571 0.285836
0.651541 0.285802
0.651496 0.285825
0.651491 0.285794
0.651435 0.285798
0.651459 0.285749
0.65142 0.285714
0.65143 0.285673
0.651381 0.285674
0.651326 0.285704
0.651284 0.28572
0.651224 0.285755
0.651169 0.285807
0.651111 0.285825
0.651107 0.285863
0.65105 0.285883
0.65099 0.285881
0.650988 0.285927
0.65094 0.285936
0.650882 0.285965
0.65083 0.286023
0.65078 0.286044
0.65076 0.285984
0.650701 0.285984
0.650691 0.286019
0.650657 0.286082
0.650631 0.286164
0.650573 0.286171
0.650515 0.286171
0.650468 0.286196
0.65041 0.286244
0.65036 0.286282
0.650334 0.286321
0.650306 0.286368
0.650248 0.286384
0.650191 0.286382
0.650132 0.286379
0.650088 0.286411
0.650037 0.28643
0.649981 0.28645
0.649922 0.286482
0.649871 0.286479
0.649814 0.28645
0.649786 0.286403
0.649728 0.286428
0.649779 0.286467
0.64972 0.28644
0.649669 0.286416
0.649609 0.286409
0.649556 0.286389
0.649496 0.286356
0.649474 0.286345
0.649415 0.286302
0.649382 0.286211
0.649325 0.286149
0.649273 0.286142
0.649268 0.286158
0.64921 0.286144
0.64915 0.28612
0.649106 0.286061
0.649047 0.286044
0.649034 0.286108
0.648975 0.286078
0.648917 0.28609
0.648864 0.286039
0.648822 0.286011
0.648772 0.286012
0.648716 0.286031
0.648659 0.286048
0.648604 0.286076
0.648545 0.286099
0.648487 0.286117
0.648441 0.286119
0.648382 0.286146
0.648325 0.286192
0.648289 0.286187
0.648232 0.286209
0.648213 0.286172
0.648161 0.286183
0.648102 0.286205
0.648061 0.286213
0.648013 0.28621
0.647964 0.286202
0.647906 0.286227
0.647852 0.286219
0.647838 0.286167
0.647784 0.286187
0.647734 0.286174
0.647675 0.286174
0.647618 0.286134
0.64758 0.286133
0.647523 0.286133
0.647467 0.286117
0.64741 0.2861
0.647353 0.286088
0.647295 0.286077
0.647238 0.286071
0.64718 0.286038
0.647122 0.28602
0.647063 0.286014
0.647024 0.285968
0.646988 0.286002
0.646932 0.286012
0.64688 0.285997
0.646824 0.285979
0.646778 0.285995
0.646748 0.285971
0.646695 0.285959
0.646647 0.285984
0.6466 0.285984
0.646541 0.286001
0.646502 0.286033
0.646455 0.286069
0.646453 0.286095
0.646416 0.286064
0.646366 0.286058
0.646385 0.28604
0.646357 0.286049
0.646317 0.28603
0.646259 0.286056
0.646201 0.286061
0.646143 0.286073
0.646087 0.28611
0.646116 0.286092
0.646078 0.286131
0.64602 0.286128
0.646024 0.286113
0.645987 0.2861
0.64593 0.286143
0.645872 0.286148
0.645813 0.286109
0.645757 0.286077
0.64571 0.286053
0.645665 0.286049
0.645606 0.286018
0.645569 0.286011
0.645526 0.285999
0.645468 0.285997
0.645465 0.285971
0.645408 0.285989
0.645359 0.285998
0.6453 0.286012
0.645258 0.286031
0.6452 0.286066
0.645143 0.286107
0.645085 0.286123
0.645034 0.286118
0.644994 0.286158
0.644939 0.286183
0.644883 0.28618
0.644825 0.286166
0.644772 0.286146
0.644715 0.286126
0.644656 0.286111
0.644604 0.286127
0.644568 0.286159
0.644516 0.286146
0.644526 0.286152
0.644468 0.286117
0.644422 0.286105
0.644367 0.286083
0.644319 0.286084
0.644267 0.286116
0.644217 0.286143
0.644171 0.286177
0.644162 0.286201
0.644103 0.28621
0.644045 0.286206
0.643986 0.286194
0.643945 0.286189
0.643888 0.286158
0.64383 0.28615
0.643772 0.286141
0.643716 0.286145
0.643659 0.286141
0.643601 0.286125
0.643553 0.286108
0.643494 0.286106
0.643441 0.286132
0.643382 0.28617
0.643335 0.286156
0.643279 0.286164
0.643234 0.286161
0.643198 0.286209
0.643147 0.2862
0.643091 0.286217
0.643036 0.286248
0.642978 0.286253
0.642921 0.286281
0.642864 0.28629
0.642825 0.286301
0.642767 0.286325
0.642709 0.286341
0.642651 0.286354
0.642593 0.286364
0.642544 0.286412
0.642486 0.286418
0.642436 0.286411
0.642378 0.286374
0.642329 0.286341
0.64228 0.286341
0.642225 0.286354
0.642171 0.286352
0.642113 0.286371
0.642075 0.286411
0.642105 0.286484
0.642056 0.286522
0.642007 0.286548
0.641949 0.286589
0.641892 0.286618
0.641845 0.286636
0.641788 0.286645
0.641731 0.286669
0.641674 0.286695
0.641621 0.286704
0.641563 0.286699
0.641512 0.286697
0.641474 0.286678
0.641416 0.286685
0.641502 0.286706
0.641467 0.286698
0.641413 0.28671
0.64149 0.286802
0.641466 0.286794
0.641429 0.28676
0.641371 0.286748
0.641326 0.286726
0.641289 0.28673
0.641232 0.286716
0.641183 0.28672
0.641127 0.286711
0.64107 0.286704
0.641013 0.286711
0.640956 0.286719
0.640899 0.286719
0.640856 0.286685
0.640803 0.286668
0.640745 0.286658
0.640696 0.286645
0.640644 0.286626
0.640594 0.286645
0.640537 0.286679
0.640493 0.286709
0.640437 0.28671
0.640384 0.286707
0.640367 0.286679
0.640317 0.286679
0.640261 0.286677
0.640203 0.286688
0.640147 0.286693
0.640117 0.286709
0.640063 0.28668
0.640007 0.286685
0.639949 0.286693
0.639906 0.286712
0.639852 0.286717
0.639796 0.286736
0.63985 0.286808
0.639806 0.286861
0.639768 0.286853
0.639712 0.286854
0.639655 0.286897
0.639604 0.286897
0.639547 0.286896
0.639543 0.286858
0.639491 0.286809
0.639452 0.286765
0.6394 0.286772
0.639343 0.286785
0.639304 0.286748
0.639247 0.286711
0.639192 0.286711
0.639242 0.286694
0.63921 0.286722
0.639228 0.286739
0.639212 0.286777
0.639199 0.286837
0.639141 0.28687
0.639104 0.286848
0.639046 0.286866
0.638989 0.286883
0.638934 0.286918
0.638877 0.286937
0.638849 0.286903
0.638794 0.286885
0.638738 0.286869
0.638734 0.286926
0.638701 0.286993
0.638651 0.287001
0.638594 0.286994
0.63854 0.287034
0.638483 0.287042
0.638461 0.287089
0.638403 0.287121
0.638347 0.287132
0.638292 0.287149
0.638238 0.287179
0.638219 0.287222
0.638162 0.287238
0.638105 0.287251
0.638119 0.287223
0.638061 0.287277
0.638008 0.287275
0.637967 0.287248
0.637912 0.287276
0.637863 0.28726
0.637817 0.2873
0.637774 0.287335
0.637726 0.287344
0.637687 0.287357
0.637654 0.287383
0.637598 0.287402
0.637546 0.28741
0.637522 0.287397
0.637493 0.287435
0.637439 0.287451
0.637415 0.287482
0.637365 0.287471
0.637317 0.287496
0.63726 0.287539
0.637203 0.287543
0.637148 0.287548
0.637109 0.287537
0.637067 0.287597
0.63701 0.287628
0.63696 0.28765
0.636906 0.287667
0.636856 0.287661
0.636825 0.287598
0.636768 0.287592
0.636737 0.287617
0.63668 0.287606
0.636629 0.287629
0.636591 0.287646
0.636537 0.287666
0.63648 0.287678
0.636441 0.28772
0.636387 0.287711
0.636331 0.287723
0.636274 0.287732
0.63622 0.287714
0.636163 0.28771
0.63611 0.287728
0.636053 0.287723
0.635996 0.287687
0.635947 0.287705
0.635983 0.28777
0.635933 0.287828
0.635905 0.28784
0.635859 0.287831
0.635802 0.287845
0.635774 0.287913
0.635729 0.287934
0.635683 0.287957
0.635651 0.287925
0.635622 0.287945
0.635591 0.287946
0.635603 0.287988
0.635549 0.287964
0.635497 0.28793
0.635477 0.287877
0.635546 0.287895
0.635489 0.287866
0.635473 0.287874
0.635434 0.287803
0.63538 0.287836
0.635338 0.287823
0.635283 0.287813
0.635228 0.287809
0.635181 0.287804
0.635124 0.287809
0.635067 0.287809
0.635033 0.287856
0.634984 0.287886
0.634937 0.287912
0.634881 0.287949
0.634827 0.287973
0.634771 0.287989
0.634788 0.288112
0.634734 0.2881
0.634677 0.288107
0.634627 0.288079
0.634595 0.288123
0.634539 0.288119
0.634493 0.288098
0.634443 0.288068
0.634389 0.288062
0.634334 0.288045
0.634341 0.288036
0.634285 0.28802
0.634231 0.288008
0.635149 0.288216
0.635378 0.288033
0.635322 0.288054
0.635291 0.288076
0.635502 0.288272
0.635454 0.288259
0.635397 0.288244
0.635345 0.28819
0.635316 0.288165
0.63526 0.288149
0.63521 0.288111
0.635166 0.288067
0.635131 0.288059
0.635074 0.288027
0.63502 0.288001
0.634971 0.287965
0.634917 0.287949
0.63486 0.28794
0.634804 0.287926
0.634748 0.287948
0.634717 0.28797
0.634687 0.287999
0.634631 0.288036
0.634587 0.288065
0.63453 0.288084
0.634474 0.288119
0.634429 0.288127
0.634409 0.288185
0.634353 0.28822
0.634305 0.288239
0.634261 0.288248
0.634245 0.288228
0.634215 0.288194
0.634187 0.28821
0.634133 0.288161
0.634076 0.288151
0.634033 0.288138
0.633977 0.288133
0.633922 0.288097
0.633872 0.288068
0.633819 0.288049
0.633763 0.288006
0.633712 0.287967
0.633656 0.287947
0.633609 0.287977
0.633554 0.288006
0.633501 0.288035
0.633447 0.288039
0.633391 0.288094
0.633369 0.288146
0.633315 0.288172
0.6333 0.288191
0.633244 0.288189
0.633221 0.288122
0.633168 0.288174
0.633113 0.288175
0.633061 0.288186
0.633005 0.288194
0.63295 0.288259
0.632934 0.288255
0.63295 0.288183
0.632894 0.288199
0.632841 0.288202
0.632786 0.288222
0.63273 0.288208
0.632685 0.288196
0.632651 0.288231
0.632599 0.288223
0.632546 0.288218
0.632499 0.288211
0.632456 0.288234
0.632413 0.288265
0.632393 0.288245
0.632381 0.288241
0.632351 0.288288
0.632295 0.288287
0.632292 0.28835
0.632236 0.288362
0.632195 0.288385
0.632149 0.288419
0.632094 0.288436
0.632042 0.288422
0.631988 0.28842
0.631937 0.288463
0.631899 0.288487
0.631886 0.288563
0.631843 0.288595
0.631794 0.288634
0.631753 0.288647
0.631697 0.288629
0.631777 0.288644
0.631739 0.288689
0.631695 0.288685
0.631645 0.288678
0.631589 0.288648
0.631537 0.288629
0.631572 0.28866
0.63152 0.288621
0.631479 0.288653
0.631432 0.28865
0.631427 0.288623
0.631383 0.28863
0.631333 0.288637
0.631278 0.288644
0.631225 0.288651
0.631169 0.288702
0.631113 0.288758
0.631101 0.288832
0.631066 0.288829
0.631013 0.288841
0.630978 0.288818
0.630923 0.288824
0.630913 0.288825
0.630861 0.28881
0.630805 0.2888
0.630749 0.28883
0.630707 0.288827
