10.0692 0.196237
4.12017 0.691475
4.26629 1.63326
5.29173 2.64729
0.840566 0.131779
11.972 3.01874
11.1581 5.74564
1.79173 3.00322
4.72798 4.60039
62.6399 2.21078
4.26854 3.90143
11.5461 16.7272
3.75574 5.30256
27.4924 24.2246
5.03762 9.02228
3.26891 5.99885
4.58953 4.8382
2.51851 7.41501
2.48579 5.25724
10.0851 25.8241
43.1416 135.88
3.72795 7.81761
4.30316 5.37671
12.6897 23.5949
5.8349 5.62826
7.348 12.7038
13.4309 38.8518
8.00931 17.2168
4.43033 26.3807
10.4047 36.9804
12.6817 38.724
7.64767 64.6294
3.53304 17.894
2.46629 5.14501
9.69191 13.3677
4.15813 2.95732
5.10144 4.56351
12.9086 23.6592
7.45121 39.7797
3.80018 2.645
37.4411 77.264
3.10709 22.8443
6.85445 13.5058
44.0682 113.701
8.46548 20.2424
48.8034 108.349
12.3334 17.9387
4.46892 3.59338
4.18313 8.71758
8.16268 27.3781
