0.180479 0.176708 0.3544 0.469631 -0.081634 0.642051 -0.0513648 0.0376307 0.200104 0.766377 -0.34222
-0.893236 0.0720975 0.509793 0.642193 0.737889 -0.43969 0.444161 0.203256 0.7544 0.262802 0.0342911
0.224624 -0.149273 0.523784 0.659438 -0.356219 0.185236 -0.454705 -0.400816 -0.289585 0.632506 0.133761
0.0603739 0.133476 0.156045 0.0940384 -0.082434 0.0927005 -0.0572681 0.342907 -0.069766 -0.335688 -0.125961
-0.101914 0.492572 0.372537 -0.481327 -0.286641 0.573695 -0.360451 -0.516229 -0.0380017 -0.52389 0.0221532
-0.386336 -0.0662275 0.0409175 0.532262 0.342916 -0.187097 0.444748 0.165079 0.503982 -0.0298977 0.00713605
-0.173575 0.0292343 -0.0573933 0.130548 0.45585 -0.130337 -0.469198 0.59894 -0.536842 -0.235781 0.0566851
0.230979 0.0331791 0.32634 -0.141577 0.234617 -0.286465 0.439304 0.385362 -0.452874 0.540937 -0.228727
-0.253294 -0.478201 -0.806797 0.250629 -0.0759935 -0.654004 -0.100504 0.703981 -0.0122152 -0.726149 0.0127196
-0.307382 -0.379657 -0.21384 -0.168282 0.0113722 0.762364 0.192437 -0.105797 -0.21111 0.106845 0.0213873
0.519777 -0.17999 -0.604543 0.292296 -0.114978 -0.386592 -0.414815 0.154817 0.0651393 -0.0923429 -0.401715
0.279116 -0.395306 -0.4273 0.168355 -0.491698 0.593169 -0.239624 0.145085 -0.779362 -0.522515 -0.259755
0.182919 0.00654465 -0.0470344 -0.369903 -0.164946 -0.685844 -0.0348982 -0.595475 0.0345824 -0.237295 -0.064968
0.238846 0.0134174 -0.46699 0.290355 -0.0275159 -0.536568 -0.506371 0.174941 -0.453199 -0.0332075 -0.216274
1.2333 0.216699 -0.102981 -0.142931 -0.273657 -0.245798 -0.120711 -0.29894 -0.813333 0.188241 -0.0454964
-0.130671 0.0556522 0.149158 0.423682 -0.00298214 -0.00139581
-0.793407 -0.174462 -0.124129 -0.0833056 -0.000250417 0.000853939
-1.71182 1.10229 -0.502257 0.064574 2.49098e-05 0.000202917
